14688 3
3504 3
3356 3
5612 3
3052 3
4604 3
6844 3
6908 3
1892 3
10852 3
9968 3
5412 3
5744 3
3824 3
6480 3
6748 3
5040 3
4824 3
7196 3
2664 3
3428 3
11512 3
7368 3
1296 3
2064 3
3540 3
6800 3
6708 3
2444 3
5564 3
6268 3
11832 3
10680 3
5024 3
6472 3
1384 3
5444 3
5328 3
6568 3
7992 3
2872 3
4880 3
920 3
3164 3
5080 3
2900 3
4940 3
6520 3
6808 3
4368 3
2568 3
6316 3
1336 3
2884 3
3168 3
6668 3
12160 3
2544 3
3420 3
6968 3
5424 3
2296 3
6464 3
1412 3
6432 3
1380 3
6852 3
7452 3
6868 3
6124 3
6872 3
4960 3
2016 3
6984 3
9844 3
6880 3
2880 3
6636 3
1560 3
5268 3
1360 3
5288 3
5396 3
10096 3
4692 3
3900 3
10660 3
6712 3
7184 3
3204 3
2028 3
2048 3
11104 3
11720 3
7208 3
3568 3
6484 3
10060 3
504 3
5440 3
