12360 5
7092 5
7084 5
10752 5
5508 5
4932 5
7884 5
4476 5
12052 5
5524 5
6080 5
11316 5
5604 5
15508 5
10488 5
15616 5
11832 5
5608 5
10904 5
9484 5
7808 5
12276 5
6616 5
23592 5
10484 5
11952 5
4636 5
7388 5
7396 5
3304 5
7224 5
14128 5
2584 5
7784 5
16116 5
12724 5
8300 5
14388 5
6952 5
6364 5
14932 5
7080 5
10848 5
12060 5
5408 5
4836 5
14596 5
1308 5
14272 5
12976 5
3312 5
1368 5
12944 5
12384 5
2496 5
15000 5
8100 5
2560 5
11756 5
4844 5
7272 5
3344 5
10028 5
1096 5
4628 5
4312 5
7100 5
5228 5
7340 5
6788 5
2836 5
5020 5
7232 5
4332 5
1640 5
10352 5
2864 5
6288 5
11744 5
4916 5
6636 5
6360 5
4628 5
10756 5
7200 5
7020 5
5180 5
3212 5
6832 5
12076 5
10020 5
4460 5
14496 5
13124 5
16556 5
6844 5
7152 5
3008 5
6128 5
10136 5
