6256 2
12092 2
7440 2
6112 2
17572 2
7488 2
11428 2
14560 2
12172 2
4116 2
7460 2
11936 2
23268 2
16056 2
7812 2
7388 2
5752 2
11984 2
6948 2
6056 2
12036 2
5624 2
13912 2
12244 2
6924 2
7480 2
14072 2
3104 2
3304 2
16108 2
7236 2
10528 2
11412 2
7212 2
6188 2
14468 2
7492 2
5436 2
6716 2
6424 2
7088 2
4588 2
6476 2
11160 2
5384 2
12660 2
11548 2
6452 2
15004 2
6740 2
12472 2
12116 2
23308 2
10844 2
7164 2
12112 2
14224 2
7772 2
12124 2
5292 2
11416 2
12340 2
6108 2
8552 2
7136 2
12708 2
9764 2
13564 2
2676 2
9608 2
7292 2
7212 2
10416 2
6460 2
13204 2
14360 2
6276 2
9084 2
13608 2
7096 2
7244 2
5052 2
15160 2
14388 2
2124 2
10428 2
10424 2
14424 2
6600 2
7140 2
12532 2
5616 2
6808 2
7252 2
7056 2
7780 2
10392 2
14584 2
6912 2
6724 2
