7200 30
6360 30
7256 30
2756 30
15812 30
16236 30
11636 30
11424 30
7152 30
5444 30
7000 30
10388 30
11772 30
15916 30
7188 30
6864 30
10644 30
12216 30
12132 30
16276 30
26644 30
6384 30
12244 30
5388 30
15808 30
7316 30
14712 30
7208 30
1104 30
14460 30
16324 30
16224 30
14344 30
16116 30
15500 30
11764 30
7452 30
2756 30
14720 30
12300 30
14224 30
1976 30
12416 30
3068 30
15488 30
12204 30
15464 30
15964 30
7148 30
7188 30
15332 30
6940 30
7060 30
27232 30
7264 30
1340 30
6740 30
2916 30
4428 30
22708 30
5352 30
11944 30
15956 30
14720 30
2852 30
2432 30
9616 30
14300 30
5404 30
11332 30
11668 30
10596 30
16200 30
26340 30
5420 30
11788 30
23188 30
7388 30
15936 30
16136 30
16344 30
11460 30
16080 30
16228 30
7332 30
14408 30
15536 30
10660 30
7180 30
11784 30
6984 30
15596 30
14512 30
2916 30
16052 30
6188 30
7416 30
16620 30
12504 30
12292 30
