6480 40
16196 40
12008 40
7392 40
6964 40
16004 40
25020 40
11988 40
14584 40
12372 40
15616 40
11380 40
16008 40
15748 40
25220 40
7436 40
7052 40
13624 40
15988 40
14700 40
14984 40
22764 40
6964 40
16252 40
15228 40
27168 40
23244 40
7580 40
3152 40
7336 40
16060 40
15800 40
7272 40
7176 40
6896 40
15784 40
14380 40
6992 40
15960 40
2788 40
15324 40
14172 40
7036 40
16088 40
7312 40
6940 40
27128 40
12136 40
5928 40
6944 40
10212 40
27000 40
7076 40
11412 40
896 40
15140 40
23260 40
13604 40
7168 40
1328 40
16220 40
7244 40
15004 40
7588 40
11996 40
25720 40
10220 40
15844 40
11856 40
15228 40
5140 40
7000 40
22464 40
12088 40
16196 40
12220 40
7104 40
12336 40
7380 40
32348 40
12100 40
14364 40
16320 40
16204 40
7276 40
7100 40
7572 40
7096 40
16472 40
12280 40
15456 40
16352 40
7060 40
10056 40
496 40
15736 40
14740 40
7032 40
15984 40
16024 40
