16496 50
3024 50
12164 50
12116 50
6520 50
7112 50
16148 50
16280 50
15676 50
560 50
16272 50
23256 50
15724 50
21348 50
13924 50
15292 50
26176 50
7028 50
2192 50
16132 50
15320 50
6668 50
16108 50
16220 50
27176 50
14344 50
3012 50
27144 50
34200 50
16064 50
12080 50
26596 50
6984 50
13524 50
15744 50
12056 50
15960 50
15448 50
15528 50
7168 50
15352 50
14516 50
16148 50
11972 50
26972 50
12204 50
31948 50
14340 50
7204 50
12076 50
7212 50
25220 50
7028 50
7040 50
16180 50
14440 50
5292 50
5960 50
16068 50
11008 50
16060 50
15864 50
7060 50
7256 50
15480 50
1260 50
7216 50
16244 50
15904 50
15896 50
26896 50
23200 50
6972 50
15752 50
12100 50
7228 50
3192 50
16080 50
16156 50
2796 50
12228 50
15984 50
7192 50
15412 50
6264 50
12504 50
7140 50
16156 50
14452 50
16152 50
12332 50
23668 50
14368 50
12208 50
6952 50
16124 50
4248 50
12040 50
13680 50
1276 50
