15200 20
3076 20
12064 20
5592 20
7232 20
7748 20
11224 20
7200 20
7172 20
12308 20
10548 20
11844 20
7312 20
7076 20
7292 20
15708 20
14380 20
13376 20
3196 20
6320 20
16236 20
11284 20
15664 20
3324 20
3040 20
5160 20
2292 20
7412 20
12220 20
16124 20
7188 20
6272 20
11392 20
2024 20
7116 20
4968 20
6816 20
11704 20
25080 20
15852 20
2924 20
7072 20
7152 20
14620 20
6928 20
11808 20
7220 20
2604 20
6896 20
12168 20
7240 20
7112 20
15852 20
5396 20
6796 20
12108 20
7224 20
14376 20
10472 20
14072 20
3148 20
15912 20
14272 20
12088 20
12304 20
12008 20
12224 20
3436 20
12252 20
7180 20
15488 20
13564 20
4920 20
6432 20
12128 20
1304 20
5396 20
15932 20
7048 20
12236 20
12468 20
904 20
16668 20
14408 20
7096 20
7020 20
6388 20
15260 20
14400 20
6188 20
5616 20
7224 20
6988 20
12060 20
2804 20
12588 20
16164 20
5444 20
7232 20
12540 20
