15876 6
16412 6
16176 6
16100 6
14540 6
15496 6
9980 6
16544 6
2532 6
13124 6
12800 6
14352 6
12028 6
7260 6
6860 6
13424 6
16460 6
3024 6
12492 6
15092 6
12340 6
6244 6
14324 6
14040 6
3224 6
16120 6
5348 6
11384 6
13492 6
16180 6
14296 6
6896 6
6052 6
9980 6
15828 6
25848 6
7232 6
14608 6
14372 6
16156 6
11440 6
5532 6
10528 6
12388 6
15344 6
25668 6
11296 6
9652 6
26732 6
12164 6
14172 6
15948 6
27296 6
7124 6
27620 6
6516 6
9636 6
25152 6
12000 6
14576 6
12056 6
3100 6
25748 6
6692 6
3216 6
12560 6
14480 6
3152 6
15348 6
12548 6
3800 6
11136 6
6700 6
12296 6
34020 6
14976 6
14876 6
4608 6
6736 6
15748 6
15512 6
7016 6
12148 6
23392 6
12100 6
16224 6
16384 6
6880 6
10496 6
3236 6
10412 6
11084 6
11916 6
5600 6
13508 6
14824 6
22216 6
14348 6
17724 6
26666 6