11680 4
13208 4
9864 4
7024 4
7644 4
4988 4
15604 4
6828 4
10248 4
11760 4
12224 4
12612 4
7340 4
12420 4
4628 4
10424 4
12800 4
6716 4
12252 4
16096 4
12152 4
6652 4
5932 4
10020 4
11076 4
7052 4
6292 4
12268 4
12344 4
5452 4
7088 4
11908 4
15248 4
6548 4
11272 4
7112 4
14476 4
14548 4
4464 4
16212 4
7416 4
21536 4
14028 4
5072 4
7216 4
5612 4
12792 4
7128 4
3320 4
12008 4
15672 4
15300 4
8200 4
3740 4
2932 4
10132 4
5124 4
7152 4
14532 4
4716 4
12472 4
7052 4
23924 4
27272 4
12240 4
26776 4
7180 4
14396 4
11500 4
12316 4
16180 4
14472 4
15200 4
22712 4
6424 4
14272 4
4108 4
11520 4
15460 4
5456 4
25536 4
7248 4
11624 4
7784 4
10652 4
7100 4
14084 4
7372 4
12564 4
7224 4
12196 4
15476 4
15032 4
12272 4
14620 4
15804 4
11904 4
12136 4
15720 4
7036 4
