10240 10
11972 10
12364 10
12124 10
10252 10
6460 10
5084 10
5604 10
7424 10
3432 10
8064 10
11392 10
4824 10
15424 10
6120 10
5376 10
9576 10
10448 10
14024 10
5244 10
14348 10
1412 10
5400 10
2704 10
1444 10
3512 10
7480 10
13752 10
11988 10
7172 10
10488 10
14880 10
10340 10
6956 10
11348 10
1352 10
2880 10
2976 10
13768 10
8848 10
10460 10
5284 10
6940 10
5364 10
6776 10
1412 10
7224 10
10364 10
1380 10
3496 10
532 10
6928 10
1112 10
3180 10
6692 10
7068 10
12388 10
7016 10
12104 10
7184 10
6368 10
1704 10
2800 10
5704 10
7212 10
3364 10
2756 10
11784 10
11220 10
7184 10
692 10
3932 10
6924 10
6952 10
7268 10
6668 10
11356 10
2692 10
6720 10
3072 10
2396 10
7164 10
700 10
11364 10
6248 10
7112 10
12144 10
7092 10
2848 10
12208 10
2848 10
6468 10
6396 10
11996 10
7304 10
7448 10
10260 10
7220 10
13208 10
15068 10
